27736
12684
16348
16548
7404
14876
16204
16480
16464
3292
12484
5500
14864
14828
7404
16444
3272
15704
16484
12516
7424
16464
7304
7396
16232
12680
16732
7684
7336
23760
27904
7384
15848
15812
16728
7336
15960
25968
7492
12492
12720
12424
8256
16516
16360
7592
7280
12368
12572
16448
12484
15704
7380
15032
27128
15940
16232
16344
16580
12684
16044
12584
7384
12360
16464
15800
12376
12504
16608
14688
7608
7404
16496
14912
7548
16596
15840
6924
6568
12496
12464
23768
14992
4884
12400
16424
7428
15708
7296
33028
12520
3532
15900
16168
14040
16524
15920
7476
15900
12800
16000
16724
16508
16272
15704
16604
7720
12924
14680
12476
25996
7664
28556
6952
7264
16504
17016
7632
16440
16404
16596
16552
12236
16536
16600
